# relative_time, cycles_done, cur_item, corpus_count, pending_total, pending_favs, map_size, saved_crashes, saved_hangs, max_depth, execs_per_sec, total_execs, edges_found, total_crashes, servers_count
60, 258, 35, 95, 0, 0, 88.89%, 11, 0, 11, 9931.84, 599725, 104, 2278, 0
65, 260, 34, 95, 0, 0, 88.89%, 11, 0, 11, 9997.39, 650326, 104, 2532, 0
71, 261, 70, 95, 0, 0, 88.89%, 11, 0, 11, 10067.52, 702881, 104, 2773, 0
76, 263, 62, 95, 0, 0, 88.89%, 11, 0, 11, 10086.32, 755007, 104, 3046, 0
81, 264, 37, 95, 0, 0, 88.89%, 11, 0, 11, 10185.39, 806176, 104, 3284, 0
86, 266, 36, 95, 0, 0, 88.89%, 11, 0, 11, 10098.09, 856676, 104, 3575, 0
91, 267, 81, 95, 0, 0, 88.89%, 11, 0, 11, 10151.69, 908004, 104, 3823, 0
96, 269, 94, 95, 0, 0, 88.89%, 11, 0, 11, 10095.01, 959112, 104, 4051, 0
101, 271, 37, 95, 0, 0, 88.89%, 11, 0, 11, 10143.07, 1011826, 104, 4311, 0
106, 272, 6, 95, 0, 0, 88.89%, 11, 0, 11, 10167.11, 1063076, 104, 4584, 0
111, 274, 36, 95, 0, 0, 88.89%, 11, 0, 11, 10204.09, 1114451, 104, 4844, 0
116, 276, 49, 95, 0, 0, 88.89%, 11, 0, 11, 10187.25, 1167381, 104, 5071, 0
121, 277, 71, 95, 0, 0, 88.89%, 11, 0, 11, 10181.59, 1219030, 104, 5298, 0
126, 279, 34, 95, 0, 0, 88.89%, 11, 0, 11, 10188.59, 1269976, 104, 5502, 0
131, 280, 11, 95, 0, 0, 88.89%, 11, 0, 11, 10145.88, 1320876, 104, 5788, 0
137, 281, 74, 95, 0, 0, 88.89%, 11, 0, 11, 10095.88, 1371857, 104, 6032, 0
142, 283, 38, 95, 0, 0, 88.89%, 11, 0, 11, 10155.01, 1424501, 104, 6262, 0
147, 285, 79, 95, 0, 0, 88.89%, 11, 0, 11, 10178.65, 1477367, 104, 6530, 0
152, 287, 76, 95, 0, 0, 88.89%, 11, 0, 11, 10174.17, 1530455, 104, 6784, 0
157, 288, 75, 95, 0, 0, 88.89%, 11, 0, 11, 10040.73, 1582677, 104, 7038, 0
163, 289, 77, 95, 0, 0, 88.89%, 11, 0, 11, 10033.71, 1634652, 104, 7334, 0
168, 291, 36, 95, 0, 0, 88.89%, 11, 0, 11, 10181.66, 1685876, 104, 7608, 0
173, 292, 76, 95, 0, 0, 88.89%, 11, 0, 11, 10115.09, 1738276, 104, 7834, 0
178, 294, 68, 95, 0, 0, 88.89%, 11, 0, 11, 9952.90, 1788093, 104, 8073, 0
183, 295, 82, 95, 0, 0, 88.89%, 11, 0, 11, 9819.86, 1837391, 104, 8323, 0
188, 297, 49, 95, 0, 0, 88.89%, 11, 0, 11, 9891.92, 1888574, 104, 8558, 0
193, 298, 74, 95, 0, 0, 88.89%, 11, 0, 11, 9748.86, 1937965, 104, 8816, 0
198, 300, 71, 95, 0, 0, 88.89%, 11, 0, 11, 10014.77, 1988626, 104, 9050, 0
203, 302, 94, 95, 0, 0, 88.89%, 11, 0, 11, 10059.87, 2041104, 104, 9309, 0
208, 303, 36, 95, 0, 0, 88.89%, 11, 0, 11, 9823.70, 2092398, 104, 9535, 0
213, 305, 68, 95, 0, 0, 88.89%, 11, 0, 11, 9969.12, 2143097, 104, 9792, 0
219, 306, 94, 95, 0, 0, 88.89%, 11, 0, 11, 9894.97, 2194393, 104, 10031, 0
224, 308, 75, 95, 0, 0, 88.89%, 11, 0, 11, 9988.64, 2246145, 104, 10281, 0
229, 310, 36, 95, 0, 0, 88.89%, 11, 0, 11, 10078.37, 2297051, 104, 10495, 0
234, 311, 63, 95, 0, 0, 88.89%, 11, 0, 11, 9971.02, 2348275, 104, 10766, 0
239, 313, 38, 95, 0, 0, 88.89%, 11, 0, 11, 9854.68, 2397499, 104, 11011, 0
244, 315, 84, 95, 0, 0, 88.89%, 11, 0, 11, 9646.03, 2446431, 104, 11265, 0
249, 316, 49, 95, 0, 0, 88.89%, 11, 0, 11, 9530.56, 2494242, 104, 11493, 0
254, 318, 68, 95, 0, 0, 88.89%, 11, 0, 11, 9519.48, 2543772, 104, 11746, 0
259, 319, 83, 95, 0, 0, 88.89%, 11, 0, 11, 9522.56, 2591817, 104, 12004, 0
264, 321, 49, 95, 0, 0, 88.89%, 11, 0, 11, 9600.60, 2640644, 104, 12271, 0
269, 322, 62, 95, 0, 0, 88.89%, 11, 0, 11, 9683.23, 2689634, 104, 12497, 0
275, 324, 6, 95, 0, 0, 88.89%, 11, 0, 11, 9697.25, 2739901, 104, 12723, 0
280, 326, 37, 95, 0, 0, 88.89%, 11, 0, 11, 9586.10, 2789494, 104, 12941, 0
285, 327, 57, 95, 0, 0, 88.89%, 11, 0, 11, 9585.24, 2838784, 104, 13213, 0
290, 329, 37, 95, 0, 0, 88.89%, 11, 0, 11, 9944.23, 2890501, 104, 13472, 0
295, 331, 35, 95, 0, 0, 88.89%, 11, 0, 11, 9847.41, 2940048, 104, 13684, 0
300, 332, 2, 95, 0, 0, 88.89%, 11, 0, 11, 9846.24, 2989676, 104, 13937, 0
305, 334, 35, 95, 0, 0, 88.89%, 11, 0, 11, 9871.32, 3040924, 104, 14137, 0
311, 335, 35, 95, 0, 0, 88.89%, 11, 0, 11, 9940.68, 3090725, 104, 14369, 0
316, 337, 34, 95, 0, 0, 88.89%, 11, 0, 11, 9972.42, 3140751, 104, 14555, 0
321, 338, 49, 95, 0, 0, 88.89%, 11, 0, 11, 10066.96, 3192578, 104, 14797, 0
326, 340, 34, 95, 0, 0, 88.89%, 11, 0, 11, 10055.30, 3243051, 104, 15066, 0
331, 341, 49, 95, 0, 0, 88.89%, 11, 0, 11, 10056.38, 3294904, 104, 15287, 0
334, 342, 37, 95, 0, 0, 88.89%, 11, 0, 11, 10034.53, 3322608, 104, 15416, 0
